Cargo.lock
  h_37b3b27dede911 148,150,219,221,229,231,247,249,257,259,269,271,276,281,283,306-311,329,331,338,340,347,349,357,359,366,368,400,411,489,491,494-499,546,548,618,818,820,867,966,968,1033,1082,1091,1179,1278,1280,1294,1385,1420,1502,1504,1523,1672,1674,1733,1735,1787,1789,1804,1806,1809,1814,1816,1841,1843,1954-1980,2066,2068,2158,2178,2212,2214,2234,2236,2242,2274,2276,2278,2346,2388,2399,2471-2476,2491,2493,2520,2522,2565,2570,2572,2593,2612,2614,2703,2705,2736,2738,2763,2765,2776,2778,2786,2788,2793,2799,2801,2913,2915
---
{
  "schema_version": "authorship/3.0.0",
  "git_ai_version": "1.7.4",
  "base_commit_sha": "1936194105bf2d401e503be6fb4a5594e45d411a",
  "prompts": {},
  "humans": {
    "h_37b3b27dede911": {
      "author": "Graham Brooks <graham@grahambrooks.com>"
    }
  }
}